1,0.0,
2,0.0,
3,0.0,
4,0.0,
5,0.0,
6,0.0,
7,0.0,
8,0.0,
9,0.0,
10,1.0,
11,1.0,
12,1.0,
13,1.0,
14,1.0,
15,0.0,
16,1.0,
17,0.0,
18,1.0,
19,1.0,
20,1.0,
21,1.0,
22,1.0,
23,1.0,
24,1.0,
25,1.0,
26,1.0,
27,1.0,
28,1.0,
29,1.0,
30,1.0,
31,1.0,
32,1.0,
33,1.0,
34,1.0,
35,1.0,
36,2.0,
37,1.0,
38,1.0,
39,1.0,
40,1.0,
41,1.0,
42,1.0,
43,1.0,
44,1.0,
45,1.0,
46,1.0,
47,2.0,
48,2.0,
49,2.0,
50,2.0,
51,2.0,
52,2.0,
53,2.0,
54,2.0,
55,3.0,
56,2.0,
57,3.0,
58,2.0,
59,3.0,
60,2.0,
61,2.0,
62,2.0,
63,2.0,
64,2.0,
65,2.0,
66,2.0,
67,2.0,
68,2.0,
69,2.0,
70,2.0,
71,2.0,
72,2.0,
73,2.0,
74,2.0,
75,1.0,
76,1.0,
77,1.0,
78,1.0,
79,1.0,
80,1.0,
81,1.0,
82,1.0,
83,1.0,
84,1.0,
85,1.0,
86,1.0,
87,2.0,
88,2.0,
89,2.0,
90,2.0,
91,2.0,
92,1.0,
93,2.0,
94,2.0,
95,2.0,
96,2.0,
97,2.0,
98,2.0,
99,2.0,
100,3.0,
101,2.0,
102,2.0,
103,2.0,
104,2.0,
105,3.0,
106,3.0,
107,3.0,
108,2.0,
109,2.0,
110,2.0,
111,2.0,
112,2.0,
113,2.0,
114,2.0,
115,3.0,
116,3.0,
117,3.0,
118,3.0,
119,3.0,
120,3.0,
121,3.0,
122,3.0,
123,3.0,
124,3.0,
125,3.0,
126,3.0,
127,2.0,
128,2.0,
129,1.0,
130,1.0,
131,2.0,
132,1.0,
133,1.0,
134,2.0,
135,2.0,
136,2.0,
137,2.0,
138,2.0,
139,2.0,
140,2.0,
141,2.0,
142,1.0,
143,1.0,
144,2.0,
145,2.0,
146,2.0,
147,2.0,
148,2.0,
149,2.0,
150,1.0,
151,1.0,
152,1.0,
153,1.0,
154,1.0,
155,2.0,
156,1.0,
157,1.0,
158,1.0,
159,1.0,
160,1.0,
161,1.0,
162,1.0,
163,1.0,
164,1.0,
165,1.0,
166,2.0,
167,2.0,
168,2.0,
169,2.0,
170,2.0,
171,2.0,
172,2.0,
173,1.0,
174,2.0,
175,2.0,
176,2.0,
177,2.0,
178,2.0,
179,2.0,
180,2.0,
181,2.0,
182,2.0,
183,0.0,
184,0.0,
185,0.0,
186,0.0,
187,0.0,
188,0.0,
189,0.0,
190,1.0,
191,0.0,
192,0.0,
193,0.0,
194,0.0,
195,-1.0,
196,0.0,
197,0.0,
198,0.0,
199,0.0,
200,0.0,
201,1.0,
202,0.0,
203,0.0,
204,-1.0,
205,0.0,
206,0.0,
207,0.0,
208,0.0,
209,0.0,
210,0.0,
211,0.0,
212,0.0,
213,0.0,
214,-1.0,
215,0.0,
216,0.0,
217,0.0,
218,1.0,
219,0.0,
220,0.0,
221,0.0,
222,0.0,
223,0.0,
224,0.0,
225,0.0,
226,0.0,
227,0.0,
228,0.0,
229,0.0,
230,0.0,
231,0.0,
232,0.0,
233,0.0,
234,0.0,
235,0.0,
236,-1.0,
237,0.0,
238,0.0,
239,0.0,
240,0.0,
241,0.0,
242,0.0,
243,0.0,
244,0.0,
245,0.0,
246,0.0,
